VWS:0.165707
RH600:0.695109
DIV200:0.415981
VOR850:0.326630
SST:0.801391
MPI:0.698343
TO:0.233329
